0              64671          70196          123347         69028          55024          37429          40113          71963          140624         87920          101037         87119          199353         81930          82089          75198          39785          175701         123925         47065          50142          153387         77741          169124         77885          41912          380267         53403          106862         56966          122194         58393          115740         60623          46980          52613          55026          41132          57614          127638         1.17437e+06        53225          46930          69515          115979         711936         114711         139199         58690          133548         384274         134552         154564         135968         143699         73012          118517         68191          51021          68647          147117         46051          46620          57744          273467         51736          171633         142985         54781          59206          57555          92556          38796          75583          74389          57910          76876          67387          96837          71602          1.27676e+06        88036          74941          1.2046e+06        57161          128428         46837          81927          84826          157039         70924          61217          25665          78199          58046          68176          40981          28125          202054         
64671          0              88567          125959         107379         17857          40002          18070          76575          144074         137704         24145          118455         235393         14466          12622          13606          11904          212541         121347         22344          40514          39028          85135          37508          11723          19899          542320         16266          17436          13604          40088          10957          19652          128762         24425          25710          15261          43354          18001          64499          1.38479e+06        11469          12591          92272          22666          776705         142403         142413         13732          159133         316645         26354          38541          30036          31851          15814          20705          13878          13265          19404          187838         33565          13709          12283          388176         28337          35663          24927          41190          17019          10569          14463          23241          11550          12624          16745          12078          14394          39903          59167          1.5004e+06        17752          117190         1.35516e+06        13991          33318          18397          121247         139807         204132         94802          68143          21541          9182           84662          11171          26537          48658          49842          
70196          88567          0              72029          54301          80508          57448          69540          67620          101020         66840          115987         72578          102176         93527          95323          91793          72861          106803         74542          63671          65368          112321         77680          159788         87771          72294          235267         78920          113864         79398          110161         83892          121496         65847          69665          62854          71303          48545          73759          72853          910594         79351          68405          54897          129783         568724         87120          106656         80681          92825          328124         117991         151574         142607         143123         96908          134685         85336          70278          87269          96034          64472          75294          85188          182420         57727          156181         132709         74583          76899          84259          107274         64243          91878          103928         74989          99930          81225          87269          62398          975619         81691          75093          988402         88919          128109         75955          60703          81035          75481          52515          46796          58636          94467          72780          87967          60411          61723          183463         
123347         125959         72029          0              97384          122646         89237          108334         85978          139838         77123          180796         80827          135587         153475         149108         140981         116700         144198         88436          100269         73267          203350         105980         273988         147691         128740         266623         139707         181748         114917         119610         141643         202345         82793          112208         104870         106559         79897          115628         100312         955307         127257         111850         66807          204763         602444         116949         149260         105270         110292         275663         187767         254409         245854         239832         144642         209742         136987         110538         141952         104823         95334          113265         131442         216283         96980          263438         202115         88915          129545         128687         167762         97983          145136         150692         112152         143285         139773         138417         97061          1.00228e+06        129049         86086          1.00724e+06        130787         207873         104671         77931          79049          99460          83530          73058          96574          139721         95068          137707         113265         104895         303759         
69028          107379         54301          97384          0              86601          46599          70706          71029          87793          54716          152040         55613          74738          122790         123184         131972         79412          122705         76618          73653          53286          140606         96695          217722         116523         78560          211420         106857         155354         78269          165530         93778          171309         51888          65872          66838          88445          63838          87830          72745          859240         87342          72011          59922          174526         539260         77526          89051          79315          132092         402561         162055         210675         199994         198267         114951         175602         112443         93161          127977         84241          67907          71523          85064          158259         76299          212037         175911         71341          93006          97966          145411         60110          118145         122542         99339          119781         101891         88368          66348          933889         120922         78866          930518         95335          175153         69637          73750          84829          79304          67114          47865          56669          119498         44371          110391         68804          59231          242665         
55024          17857          80508          122646         86601          0              36673          21455          75293          137572         130410         24211          103128         229828         27214          19787          18366          14099          203673         119158         20644          29292          34954          88258          36423          25265          26403          499841         18164          24328          14224          50784          15480          26663          111873         16051          27732          14617          37615          24560          59105          1.3292e+06        14003          17988          90887          25217          753344         124026         134507         19751          158644         323994         34419          33333          30490          31464          15205          32399          17720          17958          17595          157964         24518          18771          13261          351344         32076          33580          31798          39151          26503          10850          20810          15567          19459          15106          18392          17144          11039          46721          66600          1.44984e+06        38751          90246          1.32098e+06        13015          31730          28650          108935         119812         194330         80862          62334          20979          25363          68740          18035          18419          41342          41947          
37429          40002          57448          89237          46599          36673          0              37030          46964          103860         51588          72060          49953          140985         51178          48977          55040          29187          157470         76394          34453          22625          82920          75438          101689         47889          36038          319109         44200          67988          32343          88749          34998          74262          31781          23396          31874          35805          30955          38428          57007          1.09879e+06        30888          26926          42322          76730          662034         91633          113600         28108          123622         321774         76169          101312         91957          91138          49972          76657          43859          33959          56590          111563         26895          27606          29458          228164         35500          98413          79363          35583          39014          36060          59824          23139          45265          50874          39057          49889          35694          48614          48777          1.16949e+06        57152          59790          1.11801e+06        38293          85363          27587          38242          64074          111860         50388          31265          18099          49400          34902          46127          32052          36753          119848         
40113          18070          69540          108334         70706          21455          37030          0              64426          124802         98285          35104          73889          203808         21481          24201          22413          20931          178874         109784         22504          33706          51229          72130          59733          18879          22102          446221         11786          30691          17252          66986          18630          37414          85265          25357          34828          22893          40990          20059          86964          1.26222e+06        20357          27289          74339          41178          734782         122164         128674         22250          145623         353086         43393          58615          51705          47054          20538          42336          23190          22885          21799          162154         29422          17690          23778          314270         34822          54535          41903          31848          23273          17157          27730          28260          20269          17347          23638          18305          24580          40388          39810          1.37673e+06        20700          66569          1.26787e+06        15631          50520          29631          87771          93247          171204         68956          60459          24785          26109          61058          18581          29274          26916          76046          
71963          76575          67620          85978          71029          75293          46964          64426          0              118171         65266          136198         68608          112117         98629          92769          94268          62392          107330         71180          65959          45039          136520         66598          187212         89448          68796          224859         82527          126746         66441          98850          76948          138653         61895          59285          66717          66165          48013          72093          72782          954644         73570          66552          48497          144274         609227         89501          128354         57327          110289         312103         137224         176198         172905         164015         92026          147876         83710          66988          98860          106093         59569          60938          73246          210903         62534          177890         145847         63900          77756          77143          119569         57745          87685          96146          77144          90432          79123          88609          59551          1.01648e+06        90178          71452          1.02338e+06        81213          155689         51346          54029          71428          78258          45777          47244          48116          85400          55595          86901          66172          55538          208866         
140624         144074         101020         139838         87793          137572         103860         124802         118171         0              113339         204455         102036         120014         164695         163961         164021         122067         154315         122388         112917         100864         190389         139161         254760         155185         130715         328693         146890         194300         123318         138079         139182         209269         100202         104092         109906         134118         110081         129576         93835          672212         136602         119873         103216         224905         327894         111002         78481          119401         109037         223805         204498         247202         235582         235839         155345         232405         152054         131950         170748         131444         115487         122094         126119         203528         137449         250630         209454         115190         140088         136771         196759         108998         157000         180295         134465         175566         144502         139684         115767         712761         158795         121163         671072         138654         230952         111645         115627         119151         144536         121837         103428         98909          157348         124781         150334         121910         115138         275514         
87920          137704         66840          77123          54716          130410         51588          98285          65266          113339         0              207521         46637          88825          160625         165951         170292         112335         143702         55966          91407          70589          153739         117321         261412         159712         123247         244650         149691         203733         114045         86008          135114         220137         47254          87451          89073          115627         62045          118048         65000          916968         121648         92473          37538          225264         567818         78814          119486         95169          114825         250956         203515         247709         239981         239802         165758         223147         151586         124896         182868         95132          92544          107271         117165         173650         79040          256308         218360         97827          138472         136693         193654         86144          151295         169006         131426         163605         143091         124179         83955          964854         161166         80376          965011         136944         235568         84438          56295          79714          64462          65923          48239          62895          154443         54754          154418         94220          77471          284366         
101037         24145          115987         180796         152040         24211          72060          35104          136198         204455         207521         0              193693         310657         21841          17493          32879          36184          252948         174813         38432          61923          25444          102023         19395          26437          50377          646925         23601          10195          29914          54588          19521          12069          190660         42814          48731          31802          75443          31417          80790          1.52338e+06        23500          22992          131704         13573          825772         164623         161765         43681          215548         390751         17950          20558          15509          16272          17909          12794          20896          40786          16975          221194         59114          30195          26943          463567         53982          18131          11708          82620          25416          20284          13515          35596          21132          16691          21446          13814          22004          34057          76262          1.66665e+06        27646          185825         1.4819e+06        25774          18835          57815          171303         197250         272876         119120         106567         43689          24867          112254         18848          39535          67670          23698          
87119          118455         72578          80827          55613          103128         49953          73889          68608          102036         46637          193693         0              113422         144354         150058         156779         87702          127511         70360          78327          54250          208535         102110         266726         140754         91652          261251         127980         196454         90284          134063         112206         214047         47333          68066          79222          97132          57940          98408          73774          988325         103614         76075          49237          218217         616795         98527          120446         75050          105988         298352         201082         258728         248092         244037         140431         218930         131874         107187         160011         78236          74047          80111          98283          192050         78075          259991         216202         75311          117432         115049         183719         65643          137854         151767         115930         144466         120730         101199         74284          1.06815e+06        144553         52544          1.02776e+06        113655         224002         64971          58483          61728          81528          57742          41413          54067          139097         51947          136544         74501          62925          293149         
199353         235393         102176         135587         74738          229828         140985         203808         112117         120014         88825          310657         113422         0              258379         263954         273783         212325         135405         90042          196486         147921         170040         194114         373028         254736         212823         162818         248972         303445         222281         229499         228878         315448         134630         190789         186227         224336         178536         223265         82809          621628         224860         197910         92665          321134         286670         87659          103990         205111         138940         312503         308663         362957         350718         348958         256671         324772         259035         226854         279887         114693         197733         205059         217568         110052         185132         366226         321331         198053         239357         233155         293462         186603         257339         266679         228651         265205         240395         220569         157985         560264         254880         160010         570211         235882         329378         190468         145103         155608         103923         127048         114306         167892         257918         122767         250235         195854         174149         404502         
81930          14466          93527          153475         122790         27214          51178          21481          98629          164695         160625         21841          144354         258379         0              17097          22026          25828          236301         151832         34745          54196          40145          83579          38530          17571          30906          586633         21512          17620          21911          57572          20309          19156          153421         39816          29284          33407          67508          21771          95141          1.44076e+06        16982          26190          112914         19496          805206         166991         151850         27714          195680         374660         28426          36219          27134          28403          24210          16827          29503          26788          22735          227233         45178          23909          23002          420264         43105          36524          21825          56446          19652          23055          15293          36613          12873          17150          22610          22368          23781          38346          57744          1.55893e+06        21134          143344         1.39659e+06        18052          29946          36624          141551         154637         227206         103168         86864          35380          23186          96474          15265          49113          53302          58730          
82089          12622          95323          149108         123184         19787          48977          24201          92769          163961         165951         17493          150058         263954         17097          0              10136          16509          236130         140949         31323          49913          27168          91728          24109          16361          28049          587027         17943          12699          19172          31849          13163          12511          153621         30077          30299          23535          49870          18002          62916          1.43717e+06        13878          9996           107803         13430          794616         147608         148332         27467          170385         324089         17084          22991          19414          20300          18915          15445          9096           21862          15059          196727         38877          18171          15220          416519         38139          22342          13984          53934          16841          15241          10999          26758          11805          15009          15128          10016          7664           30945          59934          1.56465e+06        23075          141322         1.40766e+06        17318          21263          29129          142723         161146         224575         94064          81535          26866          9944           97753          11116          22628          54234          28223          
75198          13606          91793          140981         131972         18366          55040          22413          94268          164021         170292         32879          156779         273783         22026          10136          0              16873          223667         141759         25199          44200          33045          80615          33819          14878          29515          603035         12503          14832          16964          18240          12896          14843          159587         32783          29389          18520          47776          18105          60119          1.44767e+06        18628          9393           109504         24486          798380         144056         151030         25931          155427         310074         30948          32527          32485          25976          18019          27522          9530           18803          10643          194890         41607          20005          14938          422821         33564          28017          27121          55959          16463          14250          18278          26788          11920          13715          11440          12345          6878           38658          56193          1.58236e+06        19576          148011         1.42648e+06        15712          30731          30718          147219         166293         232333         92036          81203          28106          8985           98104          12364          23378          52640          37413          
39785          11904          72861          116700         79412          14099          29187          20931          62392          122067         112335         36184          87702          212325         25828          16509          16873          0              196130         105199         17809          29976          51780          83064          52726          17936          18337          481679         16302          29024          16547          29523          10935          33680          100212         11702          25050          14701          27501          13294          56476          1.31019e+06        11505          13979          79171          37903          742766         118555         132402         11588          141406         282671         41137          54486          45398          47193          19406          41152          9688           9671           22125          152990         22326          8905           10829          339238         27876          50252          38974          21711          18626          9979           26472          13535          17390          21832          15140          17039          10780          38859          52984          1.41779e+06        27432          81300          1.30098e+06        13693          48307          10515          99291          111391         177259         72257          54992          11134          13511          66123          15558          12852          36762          64193          
175701         212541         106803         144198         122705         203673         157470         178874         107330         154315         143702         252948         127511         135405         236301         236130         223667         196130         0              96465          164938         133611         164419         157901         307220         226999         193732         138614         206423         253672         193974         197119         207511         268611         149328         182275         181848         182932         146424         204083         117758         722873         208838         187718         115700         277163         397854         116028         131012         190023         103873         358667         250956         302360         286894         288611         221407         285026         221799         199651         221714         112407         183198         195700         200899         183741         179007         302677         273228         163337         205119         206808         248252         176135         230142         230604         184949         227209         210560         204627         134658         679614         209066         149275         635350         209829         264692         183253         139110         131997         141187         125274         127300         173045         224279         127027         224701         183311         155259         331462         
123925         121347         74542          88436          76618          119158         76394          109784         71180          122388         55966          174813         70360          90042          151832         140949         141759         105199         96465          0              98682          80726          98951          143676         209836         153236         124498         139724         141703         167053         110712         106125         121886         174484         71787          95212          105122         110693         79172          115275         55559          699600         115425         90038          50113          180522         373340         59101          84275          97412          117204         282757         177724         202678         198473         195113         139615         178877         128572         117137         151016         78895          104771         104704         113334         141307         90569          204162         181388         110810         131918         122756         163377         94625          139038         146949         120090         134910         122429         142863         99964          660747         139321         92139          662542         130050         195355         92987          68677          93142          71757          86738          55874          77047          130467         66300          138739         95099          94199          226957         
47065          22344          63671          100269         73653          20644          34453          22504          65959          112917         91407          38432          78327          196486         34745          31323          25199          17809          164938         98682          0              22990          48920          71502          48697          29850          31683          449307         25390          32273          21874          41934          19704          39375          87584          14014          23893          21105          27355          23756          53354          1.2617e+06        21416          16091          68310          41950          723641         113991         128872         17766          122981         281134         46267          53469          40494          45470          26452          44354          22996          20829          29248          146638         22370          19858          17266          317138         28259          50426          41503          34799          29065          20646          32594          19513          25605          27054          13744          30609          23851          47460          56884          1.35972e+06        27082          68449          1.26381e+06        22415          52982          20579          84372          98604          158242         81176          53435          19251          25145          62456          25370          22786          43011          59707          
50142          40514          65368          73267          53286          29292          22625          33706          45039          100864         70589          61923          54250          147921         54196          49913          44200          29976          133611         80726          22990          0              71658          85180          84439          44862          39773          340748         37685          57588          31717          53858          28352          64364          39912          18181          33345          24596          24667          43471          47993          1.10874e+06        35938          22088          42483          66773          661779         89934          112499         30256          88226          264248         69429          85434          77297          74925          38646          73894          42525          36186          46050          85259          29209          28010          25619          239144         38416          81941          70077          34267          46634          30857          54773          19377          48683          42473          33977          42385          30684          59690          47327          1.19802e+06        49575          59598          1.14554e+06        35343          72113          30376          52199          63389          125499         52212          34686          22842          45798          36878          45236          23505          38514          95017          
153387         39028          112321         203350         140606         34954          82920          51229          136520         190389         153739         25444          208535         170040         40145          27168          33045          51780          164419         98951          48920          71658          0              150215         21951          44736          75722          264828         31543          21713          47898          50465          26103          17891          138339         55071          59374          46633          88736          50742          37670          926855         32135          22418          93775          23923          551205         79669          81771          66344          161688         358982         28531          27126          24411          21563          29089          21482          29075          62373          40453          127800         90374          51838          31533          220873         83601          20784          22201          127072         50982          30670          28282          53711          31060          22068          28578          25430          20596          66465          98265          1.06048e+06        48626          240574         1.0315e+06        36697          28793          81638          129320         196251         114882         141189         70733          55174          37077          80057          30601          46734          96763          26792          
77741          85135          77680          105980         96695          88258          75438          72130          66598          139161         117321         102023         102110         194114         83579          91728          80615          83064          157901         143676         71502          85180          150215         0              164741         77474          64692          367421         67766          101574         84041          122136         83121          111634         93917          91626          65017          75768          62426          80391          141123         1.16512e+06        83014          80680          89611          113986         715191         150671         172836         90268          140956         375153         99939          153215         141930         138774         95587          118580         87313          63998          78045          161332         72036          79041          78380          290284         69851          157056         114198         68862          57877          82672          97646          78538          88305          91550          61669          89897          87782          72281          53309          1.23078e+06        69266          87862          1.17348e+06        79424          123037         77620          100994         91385          153530         65257          83856          76661          87476          96632          75287          78363          58348          197836         
169124         37508          159788         273988         217722         36423          101689         59733          187212         254760         261412         19395          266726         373028         38530          24109          33819          52726          307220         209836         48697          84439          21951          164741         0              45732          82170          768499         37144          17209          54034          36783          27300          14249          252843         57587          64138          50582          99422          48226          83947          1.64072e+06        33406          22374          176295         11742          880740         196571         184647         69010          234252         371716         21351          13739          10163          14724          28394          12055          25502          62904          42730          271212         94686          56610          33314          542112         90157          10057          10899          136661         52911          34114          22257          55249          27802          21756          30273          24593          20887          67960          112276         1.81546e+06        50842          269179         1.61752e+06        38600          15667          85955          226932         272834         332353         192750         136218         61152          34539          153007         28766          51703          111701         12121          
77885          11723          87771          147691         116523         25265          47889          18879          89448          155185         159712         26437          140754         254736         17571          16361          14878          17936          226999         153236         29850          44862          44736          77474          45732          0              23540          567797         13903          17085          17522          40960          14670          20076          145926         34200          33388          28582          60584          20468          88024          1.41774e+06        18658          23828          104964         24782          787613         148399         148563         28206          171085         340772         25708          42321          35644          33291          15447          24362          24132          18959          20585          198906         38367          17209          24065          412051         41161          41199          30154          49471          19456          13169          17298          29429          13562          14399          19571          13465          23217          35816          54845          1.54724e+06        17977          127560         1.38745e+06        18534          33289          38658          136853         154821         223957         94514          86632          29587          18864          94592          13688          27674          54202          62342          
