0              59518          118983         115948         130496         54203          51042          50618          131107         189622         90060          180521         256760         405546         53392          133722         125749         55481          408054         224650         35282          238468         234981         100971         234097         110481         43939          995173         62669          179575         50349          93996          74570          189691         80020          40692          58405          60966          77246          51665          148820         2.07254e+06        77982          58296          173636         181037         1.10545e+06        179371         174840         59026          155192         635505         117843         144877         216996         200991         86587          182621         98624          43692          124003         152502         103931         66275          57782          669731         45403          247247         160908         83329          73695          72490          94644          42358          118571         119387         50832          65226          56087          147381         78545          2.81915e+06        93732          195085         1.52132e+06        67385          120227         47089          97585          183142         526642         144309         58786          39549          112695         79445          108444         57909          28721          285163         
59518          0              151551         140219         162238         16747          36445          17983          170023         208975         97517          40239          318284         455935         17776          21818          27075          9091           478558         253232         29181          239053         62219          149307         52126          18857          50395          1.1307e+06        16197          39951          28813          45545          10071          41796          115081         16715          21788          64340          77389          17021          82837          2.22225e+06        20149          14081          189032         43020          1.1523e+06        179186         170935         66410          182747         614053         29782          40289          58030          58405          15528          39134          11930          38840          30205          158082         116021         13589          10946          750172         19302          57439          26967          19843          10932          10712          15615          26436          20304          21374          15279          11678          14098          118832         50331          3.01364e+06        25524          269846         1.67581e+06        14263          37277          12586          118530         243015         611230         173294         52346          16359          19257          88665          15354          24249          33038          69228          
118983         151551         0              92495          49683          150741         76017          133460         38500          101553         55651          274859         65101          196704         123287         232018         235893         165880         273460         100485         77156          129022         146517         58434          302526         224675         66798          565304         160003         277702         61226          137066         187808         282915         46477          108879         146015         47304          37181          144086         78615          1.57796e+06        195340         144897         52690          284112         894866         89303          123917         63546          117753         523349         171270         254746         305438         296196         196212         284315         210724         69911          236821         66803          34780          157458         158596         374436         127830         319095         245413         148567         167620         191618         215990         99514          221942         238157         131777         159025         136976         88164          70607          2.18727e+06        225539         53984          1.09056e+06        182712         225565         143166         54978          68771          274071         60430          55314          109152         226329         44901          217605         129919         98364          345487         
115948         140219         92495          0              86823          153339         86982          130033         81253          136197         78578          278552         137051         259050         110006         219328         228023         161641         360875         164097         102559         188467         248990         101301         331060         208403         95253          748692         145009         290717         84262          130316         178103         303171         72259          124652         149047         77360          73360          126220         133039         1.79967e+06        167572         148296         121050         295231         1.00807e+06        163870         170326         92989          85432          521296         177650         252396         335483         316208         181166         291221         195008         97364          227906         96364          91384          143848         155535         491693         113353         358820         234628         109997         151466         180825         199370         119362         207200         223196         118855         160432         147140         103976         83436          2.43299e+06        191942         114366         1.27922e+06        175905         221869         111092         85559          135397         381700         123548         55285          122549         208604         80943          199496         143672         121984         400053         
130496         162238         49683          86823          0              159111         85279          132295         44801          135131         41151          267354         47991          181486         124261         237837         246902         176007         275551         90497          88024          111739         130751         60936          306510         224300         63293          554788         175652         276508         61143          223732         198300         283702         41578          125212         151830         46370          37070          157212         83472          1.58991e+06        195008         156538         53835          278827         883381         96564          101897         77289          167372         654895         171418         255766         309764         290169         206138         274893         218996         67658          243859         70487          26226          172252         170166         366254         134033         323726         245935         156099         170256         197071         216202         110440         228635         235430         139357         168479         159927         65737          69605          2.19936e+06        211381         50253          1.09751e+06        187748         236278         152281         31417          58737          283829         56292          58867          119370         231056         28442          222380         133563         102449         350686         
54203          16747          150741         153339         159111         0              37637          15243          169895         227949         108213         26397          319439         460993         22931          22544          22411          12898          472211         256420         24567          222794         37765          137765         34624          25151          53320          1.12647e+06        18888          26779          32084          60999          11779          26844          115086         14924          19042          56909          71653          21899          70037          2.21678e+06        18925          13553          189951         27010          1.14382e+06        174527         162715         64123          193172         616576         23888          23944          30722          30410          15319          29592          18719          36686          22058          148606         114401         15960          10698          741434         20637          37759          29938          24681          19809          11223          18432          21807          22575          19444          18291          11958          11112          124045         51609          3.00901e+06        39637          266131         1.67053e+06        13170          25278          18100          121021         240107         605490         172228         50725          15187          23041          83273          20557          17022          32003          44627          
51042          36445          76017          86982          85279          37637          0              30471          84565          145844         47481          104616         199527         342643         28346          77023          83659          42399          383554         182865         21507          180867         116303         67713          124898         72632          20444          908762         44706          106936         19181          74806          53569          110652         41069          23090          38396          33011          46438          37012          83028          2.00336e+06        61682          32676          115008         110720         1.06261e+06        150902         133488         23708          146640         571085         45392          95515          128810         121126         64223          109572         66267          20109          85593          111344         69618          42054          39165          591669         29856          136301         83884          42472          41564          54331          68330          21095          75221          79760          33572          38326          34594          37886          31673          2.69932e+06        71130          136134         1.44079e+06        49541          87874          33284          47037          136321         471274         106188         22752          23186          75495          43597          69415          34352          26100          156734         
50618          17983          133460         130033         132295         15243          30471          0              152338         217990         76423          71279          290296         432933         21895          53857          58474          21778          448811         240615         27588          213236         96864          124791         87525          47252          41812          1.07594e+06        25777          70385          25679          90536          30164          73418          97202          16074          19699          54752          68425          21305          90500          2.17332e+06        41383          19563          174954         73703          1.13316e+06        173667         157775         55540          199434         638353         27145          64418          88301          79126          36141          72144          42894          29231          58236          140744         105979         20318          18902          710034         15589          95706          58130          20391          23637          32273          40885          22059          46365          52184          14282          17745          23011          92187          37508          2.94194e+06        46327          237097         1.619e+06        30360          60823          16786          102003         216838         575131         154852         47338          14006          48475          74993          44988          21444          27893          114131         
131107         170023         38500          81253          44801          169895         84565          152338         0              102826         64687          300876         48986          165738         130728         256415         264597         184127         254155         83458          88342          119003         155802         74810          340002         247224         71946          513037         187982         309826         67543          148591         209208         317814         52704          129683         167780         64654          37811          163407         93173          1.51346e+06        209351         165473         39600          313363         875343         88339          106380         80105          118606         533621         190379         283450         342744         333584         218050         308968         233520         71236          265502         82197          32054          179449         178311         346785         142442         355341         269135         167072         183202         211649         237093         116383         248408         260321         153486         178275         160283         77782          81473          2.11977e+06        233589         57614          1.05506e+06        201720         265040         156307         41189          63591          255043         53860          59406          130000         248322         45289          241368         153444         111074         385426         
189622         208975         101553         136197         135131         227949         145844         217990         102826         0              105916         353900         120925         104210         194527         268224         264599         209683         174694         70462          144462         98720          197794         156577         335611         276775         134829         361640         214232         314658         115148         147673         246709         322630         103033         170906         191110         111966         99420          188890         104985         1.0582e+06        251485         194481         95010          348931         666682         87861          104923         134117         142647         370244         284380         322328         341121         347595         263507         362931         242911         124211         283643         134749         114480         232210         205227         262997         195467         357350         289608         211963         226567         245633         311877         176870         277516         324834         179061         234878         219583         160129         132024         1.67797e+06        246722         96836          773228         251694         361563         190129         118579         119002         132157         106452         112316         165259         251550         148314         263480         185481         186132         374525         
90060          97517          55651          78578          41151          108213         47481          76423          64687          105916         0              211755         94722          239380         66216          172288         180624         110062         320380         122790         53970          159960         162920         72116          232615         160576         40621          703136         113551         210324         32441          76148          132054         218413         33534          61708          88750          39258          41877          89459          92301          1.76703e+06        143433         100696         78944          211785         966194         116351         140941         38049          113660         520875         127128         201216         236097         224880         140152         210614         150034         49785          188478         75740          48054          113991         105094         457769         82821          253554         182337         97891          109160         134637         154342         55607          158136         175200         73802          106858         104359         48448          54496          2.3879e+06        144202         77244          1.23721e+06        134738         196660         89356          31151          96845          336856         58492          41724          58571          160592         39079          156289         85555          63385          282809         
180521         40239          274859         278552         267354         26397          104616         71279          300876         353900         211755         0              462380         611468         71530          12950          29020          34426          603061         357248         62817          281762         25296          244598         19452          26143          119492         1.36509e+06        30804          12915          89596          71398          20952          11417          225440         53519          47448          115730         136398         64403          96853          2.47027e+06        27645          29758          293741         13979          1.25505e+06        233079         213467         141696         282630         707966         18759          20100          18485          14993          20833          13252          21216          97336          15476          252173         189108         43100          38989          904158         80346          19258          16573          82898          36186          21623          16601          63434          19418          15927          44909          31538          39997          233125         110726         3.33527e+06        25592          429928         1.95835e+06        23439          22490          65261          228066         378449         794364         291204         121611         47572          25401          154967         15960          40964          99566          21861          
256760         318284         65101          137051         47991          319439         199527         290296         48986          120925         94722          462380         0              122616         267467         417495         425122         337027         257577         68428          205041         85059          147227         107545         502296         402678         164712         419559         337965         470621         151054         282753         367280         480336         103967         269287         309911         126615         62461          310071         86009          1.41124e+06        371326         311901         56983          471986         821085         69386          77740          182038         156515         515963         343116         446292         507689         491799         377054         470268         390737         164692         426998         93473          45309          335126         329459         292557         284822         522763         429546         313429         335690         368415         393246         248410         405981         419939         293782         332478         311135         169909         151948         1.97902e+06        384355         44357          928332         358949         424217         304845         68517          69782          205355         81311          146383         263925         405659         81957          400487         290687         236696         557160         
405546         455935         196704         259050         181486         460993         342643         432933         165738         104210         239380         611468         122616         0              409196         564508         572995         475023         152409         60962          349526         77711          317257         278545         658634         543203         310801         173795         479964         619445         297483         412919         508607         628630         251604         410346         450230         266979         205734         452093         188237         914481         505289         452701         169139         624372         600868         99404          61426          329127         271928         458178         480613         593714         661594         645143         516806         617139         535526         313377         575327         229315         179142         474814         466963         175158         428117         678310         574941         448016         473282         509487         539085         388214         552716         563771         436861         471784         451958         312923         303650         1.45463e+06        522677         158337         586746         497761         560694         438555         200682         182951         69657          175948         284244         406338         550571         232638         545195         437147         382888         715031         
53392          17776          123287         110006         124261         22931          28346          21895          130728         194527         66216          71530          267467         409196         0              45282          51359          16567          447431         226424         36114          232936         122326         109262         102861         36074          36760          1.02998e+06        24562          75404          24316          78346          22534          81963          83478          20246          25506          57758          69046          21853          123490         2.13425e+06        32546          28092          159900         78908          1.13052e+06        178832         164186         53775          194276         649553         28931          63846          108440         94339          35314          73277          33342          39420          51007          159366         98238          23666          21309          689602         20959          116139         49509          18437          15623          23105          32573          28012          43038          46732          28095          15899          27883          74406          39772          2.88123e+06        39488          214245         1.57016e+06        22904          64369          17135          86093          199608         550868         137521         48835          21890          40479          76215          36883          36811          24802          142806         
133722         21818          232018         219328         237837         22544          77023          53857          256415         268224         172288         12950          417495         564508         45282          0              10375          16177          566262         320147         49542          266648         25023          206341         15206          11167          91303          1.30112e+06        20429          9181           65583          36429          11338          10665          185917         35427          31925          97996          116342         34190          81917          2.40093e+06        23991          18607          259986         13671          1.22609e+06        211089         201598         117580         211824         631847         13933          17585          16746          17190          20570          12954          8184           73902          17129          224769         163968         26501          20378          861572         51044          19193          9066           52827          16354          12297          12057          52161          9860           12134          32156          18936          26351          195939         82023          3.24358e+06        21974          376752         1.87883e+06        13419          20942          40784          190990         338952         730715         247883         95486          32740          9675           133652         6328           27656          72364          24845          
125749         27075          235893         228023         246902         22411          83659          58474          264597         264599         180624         29020          425122         572995         51359          10375          0              17576          566784         326161         50344          263559         33915          204162         22772          15359          99017          1.32156e+06        16720          14794          68883          27021          12387          13808          191442         35817          32267          99409          114222         39567          76392          2.40265e+06        21690          15364          265361         28843          1.22702e+06        211343         201272         119497         201666         624622         22630          14732          23714          20741          20427          30840          9195           73634          9355           222627         164212         29275          15529          868555         55471          33062          13085          59030          24017          12606          17570          54046          13608          13421          29477          21203          22295          209918         82434          3.26111e+06        17222          385915         1.8944e+06        15035          19738          42572          200478         346435         739567         254213         97828          31701          7971           143389         11846          26817          80703          38342          
55481          9091           165880         161641         176007         12898          42399          21778          184127         209683         110062         34426          337027         475023         16567          16177          17576          0              491601         264906         26178          234856         49402          149603         40491          16679          53985          1.16764e+06        14378          30065          32101          29620          7891           30654          125296         14648          16822          67501          74917          11382          71475          2.25346e+06        17907          10111          202749         34121          1.15994e+06        180089         171653         74353          173478         591171         22727          32626          43108          43513          14660          32908          9987           39361          22518          166604         123330         13575          6827           770104         19372          44587          23993          19673          10031          7651           13933          26303          18062          19494          13899          6649           12234          131090         51655          3.05977e+06        22879          286760         1.71832e+06        10030          33305          14796          131600         259523         629755         187672         57089          14053          15490          96612          12727          17232          36794          54729          
408054         478558         273460         360875         275551         472211         383554         448811         254155         174694         320380         603061         257577         152409         447431         566262         566784         491601         0              163772         376424         175753         385081         330578         639182         553053         359652         157628         484367         611118         352557         425843         518508         617539         323364         432399         470526         326814         291573         462522         303102         563477         519886         465568         266565         613480         345626         190358         149512         362788         339834         697702         506821         587737         637080         625254         522487         615270         542073         356768         564456         316903         275329         488096         483570         207122         450656         653034         581393         462329         497465         518422         546580         411594         553755         567540         443825         488080         460723         365304         363108         985963         534771         267962         257082         512409         550960         459216         294932         280725         144995         273605         340969         428839         557929         305613         548073         449502         408771         680838         
224650         253232         100485         164097         90497          256420         182865         240615         83458          70462          122790         357248         68428          60962          226424         320147         326161         264906         163772         0              180136         39049          160537         151669         381348         315407         163613         278465         269999         358380         150575         222919         286202         365055         132083         220495         252346         135377         95268          248749         86442          1.0705e+06        290181         247489         87689          362333         668827         45743          45041          172525         170425         424167         270557         344035         386247         378617         292318         362634         302173         161348         329276         128384         87438          264809         259926         197796         236450         391869         331704         257023         267608         285943         307533         207409         315784         328312         238497         262471         246750         167434         162695         1.68822e+06        303363         85320          736974         280162         335278         245170         112207         102197         111103         88938          148088         218999         313641         116859         309201         236692         206165         414703         
35282          29181          77156          102559         88024          24567          21507          27588          88342          144462         53970          62817          205041         349526         36114          49542          50344          26178          376424         180136         0              171476         69184          76773          73892          52049          21635          917676         35937          63727          23350          53248          35386          67712          43000          16165          29642          27969          39227          25309          61203          1.99156e+06        38843          19954          113738         62649          1.04197e+06        135638         128700         17929          140071         540585         51193          58805          71189          71927          40269          72750          40048          16064          52641          103833         65519          32958          27028          593244         29598          82836          61645          45527          38246          34438          44731          11705          50916          51482          21365          34219          24190          62146          45645          2.70742e+06        47645          142355         1.44191e+06        34013          64003          27852          51429          134018         464320         109027         25464          13134          47774          41678          42726          19529          17705          86820          
238468         239053         129022         188467         111739         222794         180867         213236         119003         98720          159960         281762         85059          77711          232936         266648         263559         234856         175753         39049          171476         0              127499         181566         301251         266903         180036         280424         234327         284210         169577         216150         241728         286807         165620         201861         230280         137001         100179         237196         74394          1.06204e+06        256961         216056         96067          285069         660742         35588          25561          169863         175126         388236         240553         274300         298541         291737         243403         285402         255487         154727         265181         122250         97460          239741         228597         204622         237592         306282         278794         248570         252372         241314         257952         192890         259733         265498         209688         231400         213487         182588         182299         1.69433e+06        280065         118743         769316         244455         264668         230715         139912         115440         136522         128340         148225         201662         262850         122135         260786         204713         207564         325894         
234981         62219          146517         248990         130751         37765          116303         96864          155802         197794         162920         25296          147227         317257         122326         25023          33915          49402          385081         160537         69184          127499         0              187695         19921          47768          119669         764161         50392          23093          100928         60148          30304          20741          125444         68817          69548          73167          74818          88112          42505          1.78338e+06        55625          36540          96494          24342          953925         104412         112157         108932         215252         599422         40717          32745          23174          21918          34434          22370          30449          93609          42888          114978         82096          71830          45092          469966         128024         20290          35810          129823         67653          36132          37012          77073          30385          27972          55801          50363          42598          173909         149876         2.4645e+06        63567          154590         1.30702e+06        42112          24058          91756          135382         140287         445955         155947         97153          60473          38861          81186          30493          55858          128985         21412          
100971         149307         58434          101301         60936          137765         67713          124791         74810          156577         72116          244598         107545         278545         109262         206341         204162         149603         330578         151669         76773          181566         187695         0              293341         197365         54968          708958         126587         252110         60617          234827         170111         261533         45317          105292         134635         51147          60699          134820         197483         1.76892e+06        163281         135121         91540          256613         1.00782e+06        134781         158592         57539          142590         791006         151078         228323         295076         273370         189185         256201         192586         60714          202594         125810         51878          147028         144582         477371         114978         323952         220600         124533         152623         170696         194248         101860         200874         209710         133050         145942         129087         60513          52939          2.3957e+06        179906         81232          1.25678e+06        161612         209614         129337         66124          90301          365961         76522          50386          105794         202035         47635          193436         121859         88621          365591         
234097         52126          302526         331060         306510         34624          124898         87525          340002         335611         232615         19452          502296         658634         102861         15206          22772          40491          639182         381348         73892          301251         19921          293341         0              30798          147590         1.4345e+06        40336          9408           110565         46953          23109          10547          255551         63461          56128          132316         153736         73831          97491          2.54232e+06        46147          37458          318216         13213          1.28705e+06        247381         231964         161728         269473         672660         35092          23048          8867           9726           29411          13753          19276          112780         33611          279240         208498         59511          37717          949626         111857         12077          18768          110767         53272          27333          26506          73151          16641          19710          45660          42943          45473          271180         147307         3.42178e+06        40258          478680         2.03565e+06        35166          15383          79562          261448         425701         845504         339366         140661         54345          22304          176990         19251          51800          126848         15391          
110481         18857          224675         208403         224300         25151          72632          47252          247224         276775         160576         26143          402678         543203         36074          11167          15359          16679          553053         315407         52049          266903         47768          197365         30798          0              82524          1.27444e+06        24408          19466          57995          54550          12256          20795          172488         34425          31093          94978          109737         31337          102264         2.3633e+06        27391          28895          251851         25790          1.21339e+06        209514         198565         115010         222187         651130         16033          19041          33819          25319          18031          22977          14289          71116          20068          223641         155384         26485          20753          845030         45961          38592          13346          45991          16552          12903          12602          52296          12874          13510          30892          20773          39834          184395         76096          3.213e+06        24200          360306         1.84707e+06        14798          27419          39910          178781         322308         714038         234474         95077          30694          11006          130833         11168          31379          64430          56389          
