0              36.4806             49.7868             53.0955             48.3417             31.3254             35.6364             35.4276             54.8846             64.7813             57.703             69.3324             55.9967             80.0467             45.1225             51.4496             41.2697             39.9096             65.091             47.8813             34.5253             51.8785             64.7986             54.4739             80.637             49.4076             30.1032             107.517            31.9895             54.2607             38.6048             38.9901             37.6888             57.8659             29.7561             24.567             32.1529             36.7213             28.8659             32.1757             42.8117             132.644            36.3537             34.5656             48.7088             57.1763             79.8075             47.7136             53.6076             46.1391             45.3071             66.7273             75.8266             63.0356             59.1817             64.9556             48.2972             66.7613             40.5605             39.9275             35.1777             51.5736             46.5105             35.9016             42.0487             62.5151             35.7328             79.1953             79.2888             48.7678             39.9457             44.0808             44.6274             33.3804             48.2144             51.0222             31.4528             40.3196             42.4671             109.669            56.912             158.593            44.4387             49.3567             128.258            37.7442             73.0499             38.9434             49.1874             42.8015             73.0814             57.3246             41.093             29.6018             41.705             36.6413             40.262             33.9529             30.1057             85.6994             
36.4806             0              42.8049             45.0732             38.2199             18.4459             26.6989             24.6045             38.6744             55.0918             44.0214             33.258             43.6347             55.933             22.5998             27.113             23.7015             26.6281             50.8759             33.1948             21.6379             35.7266             30.4283             38.6492             38.3457             30.9405             20.8721             96.2999             17.284             24.018             24.2339             22.4164             15.5802             25.5366             37.888             18.3557             25.9837             21.6126             22.3331             25.556             27.1388             125.93            17.9182             14.9017             33.3661             31.327             74.0566             33.7241             32.7201             19.9605             39.0586             43.3128             36.7021             34.9589             27.9647             30.7437             25.2783             26.8452             16.1114             23.9613             19.5402             39.3827             29.1755             19.9109             23.6622             58.9638             24.6597             34.3532             37.856             33.1299             22.6791             19.7399             24.486             18.3885             30.8428             21.7261             20.7583             24.5397             23.6139             63.7358             37.0833             150.685            30.2261             41.6869             110.283            21.2366             36.8931             20.8312             34.5137             40.6959             56.9219             43.9786             25.6283             16.214             22.0434             32.2451             20.8626             20.9165             24.0642             39.9694             
49.7868             42.8049             0              47.8495             49.0246             43.3408             39.7036             54.3186             34.8285             44.0402             51.9213             84.4819             46.3888             39.1916             53.1116             56.6971             53.808             55.2586             47.4517             39.2769             44.6393             51.3912             66.4648             55.1688             85.7389             65.0365             43.3             71.7936             42.6873             70.3208             41.8352             38.1061             51.263             74.0167             39.854             39.7026             54.4141             37.0604             32.3836             45.6769             38.1477             89.0675             59.1224             36.4258             30.3444             70.438             71.9865             40.261             37.9341             33.2376             37.0826             43.5931             81.5004             69.2279             64.7677             73.0598             53.8504             83.3171             44.2475             42.7609             55.7663             45.6593             32.4279             52.2314             45.4712             48.1987             45.0258             83.079             71.1307             67.2382             54.9288             39.6084             69.7279             39.6974             59.9777             75.765             40.8002             57.2176             46.2479             77.9858             56.5595             96.2737             63.7824             37.8794             77.7038             56.64             88.8471             48.1329             46.2377             47.9438             45.4323             52.8606             44.0995             40.5171             58.7303             46.857             50.718             40.5051             41.1381             85.1914             
53.0955             45.0732             47.8495             0              54.0923             50.8135             41.5688             53.9931             42.3727             54.4645             57.3499             83.7099             44.4526             64.9796             61.1481             59.8877             54.7931             53.3233             66.8428             41.5712             46.2941             73.7959             73.4007             60.9207             95.7648             61.0844             48.2172             91.0003             48.3298             67.0554             41.8519             42.1748             48.6955             73.292             33.0873             37.0849             49.928             38.0098             32.2255             45.6059             36.2831             121.276            52.9277             51.5383             52.3032             73.2528             98.9042             68.5457             67.7518             51.3107             45.7535             64.3787             83.9059             76.127             77.1461             88.4268             63.2891             82.9656             54.4932             51.9361             49.8953             60.243             53.0911             43.9353             60.0393             52.0611             44.782             98.7496             98.1791             54.8688             55.5612             55.4406             71.0667             46.9131             62.5506             66.3738             42.8788             53.3679             50.845             110.96            63.9502             122.388            51.7204             45.4596             113.018            54.6674             92.7331             45.7147             45.0804             50.2754             63.1147             72.8787             55.1873             38.3885             51.3394             40.5443             53.0258             47.4362             48.0207             106.971            
48.3417             38.2199             49.0246             54.0923             0              36.6781             39.5952             39.344             42.3466             57.0927             54.7425             67.2938             30.8378             53.0048             48.3391             67.4915             59.9793             57.2236             48.2709             43.4577             40.469             45.4548             48.1881             48.283             85.9908             56.9641             36.1322             58.022             36.3084             60.4916             37.301             54.7071             44.1429             65.5659             38.7107             34.745             48.8228             37.7768             31.3787             54.8534             42.434             89.14             46.7893             38.3063             38.4269             67.9267             69.0234             41.236             39.9993             36.6049             52.283             66.2553             68.2884             70.794             69.5728             66.5009             46.5633             67.1393             48.4954             43.8079             47.1994             42.681             38.6439             46.7428             44.7528             43.8686             47.2458             75.8045             72.1688             50.9329             54.3357             43.5571             54.7035             36.4387             60.9365             52.3086             48.993             53.4759             52.7609             81.24             47.149             112.957            49.3714             41.6336             78.5281             40.621             79.0595             47.6409             41.2245             39.1434             48.474             37.4051             33.5611             33.9743             56.4966             38.2686             51.2626             39.9278             35.6679             81.8843             
31.3254             18.4459             43.3408             50.8135             36.6781             0              25.0152             22.1013             43.5318             53.0772             52.6794             29.7985             43.5561             63.1473             31.3308             30.3838             20.2175             21.6355             53.3776             41.955             20.4428             32.2793             27.1384             49.2587             32.3373             28.4975             24.3107             91.2135             16.8134             21.4109             25.1564             25.7592             16.0041             23.2912             33.3236             15.313             23.8002             21.8779             22.0409             24.7876             22.5998             123.581            18.9421             18.092             33.7632             24.929             72.0941             30.8475             31.7297             24.0297             42.3053             45.7677             41.279             31.0063             23.5526             26.5832             21.6965             28.0478             21.118             26.5142             17.9982             36.0836             29.287             19.8467             21.897             56.9515             29.0851             31.0609             36.4291             37.5256             25.6458             19.3227             23.462             19.4303             27.1012             21.482             20.722             26.9819             23.5558             76.4319             42.2218             151.698            33.9221             41.9543             115.453            18.6942             35.227             25.0871             42.0925             43.5491             60.5939             45.3021             26.9238             16.7222             27.1871             29.0567             21.327             19.366             21.4394             36.7949             
35.6364             26.6989             39.7036             41.5688             39.5952             25.0152             0              27.6291             40.8065             50.3231             41.2507             54.2113             41.4125             54.8329             30.8355             31.395             29.8098             29.1755             61.7091             37.1176             33.0563             46.2412             43.3635             46.154             50.39             37.3024             25.3083             91.326             26.0626             38.3084             25.7422             32.8718             25.6695             37.663             25.5467             20.7539             25.4762             26.5753             22.4919             24.4193             28.9631             127.014            32.27             27.9754             36.3605             44.4325             77.4281             42.1372             39.4924             30.7596             45.014             50.941             51.7458             46.5958             42.53             44.6689             39.6293             47.6464             30.3287             37.4225             30.6666             44.3981             35.5903             24.3184             34.86             50.0194             28.7914             50.6834             59.6055             41.7602             29.5951             31.0051             33.7264             27.3861             33.4107             41.2681             23.5665             30.2261             33.7745             64.4746             38.6035             143.952            36.4548             35.3705             113.581            30.3642             51.1986             26.3664             33.365             41.1984             62.6124             56.208             34.73             23.3595             32.2369             30.0916             28.3191             32.4578             28.1635             57.0642             
35.4276             24.6045             54.3186             53.9931             39.344             22.1013             27.6291             0              54.28             59.9584             53.6479             31.461             53.0102             74.0661             29.5623             33.1175             28.0251             29.198             64.1045             50.9152             30.8206             42.3974             36.1698             49.8578             42.0001             24.1413             23.9876             106.122            21.6026             28.1576             22.5356             34.551             21.0205             31.054             35.2392             21.7508             23.929             33.1243             32.7751             25.7483             37.9949             148.186            29.3379             30.2029             44.8416             36.0814             80.1772             43.8724             43.2603             32.9214             52.6259             59.6794             37.2502             40.7864             37.8848             35.7257             34.4482             35.4176             29.9776             35.0802             22.948             51.2789             40.9962             27.258             33.1029             64.0252             29.8411             44.7187             52.3254             32.6283             23.7687             33.1824             24.866             28.9324             26.8714             28.6038             23.0588             30.041             39.4681             68.6495             38.9359             170.08            31.4715             51.9465             138.305            21.2377             41.1694             28.0029             35.7915             45.8374             74.0999             56.1112             36.3673             24.5542             30.6047             36.7694             23.0908             31.8359             29.5571             47.7209             
54.8846             38.6744             34.8285             42.3727             42.3466             43.5318             40.8065             54.28             0              48.7908             52.5776             87.9281             35.469             41.2595             49.2737             61.1147             60.3772             58.7106             45.3496             28.0616             39.5805             41.5815             60.5471             51.8209             90.5379             68.4435             37.481             64.3601             41.4621             67.6864             39.3851             34.4036             47.3105             71.4204             40.8032             38.9899             55.9148             33.0259             28.6999             49.8358             34.9716             86.5781             57.085             31.702             27.2352             70.7372             69.8073             40.7305             33.1841             27.1758             37.2426             41.0723             79.7691             67.0531             67.5397             75.365             51.3234             82.0023             40.665             38.1286             54.6759             39.4669             27.7676             48.0233             37.055             48.0355             39.2482             81.8275             68.8638             62.7344             56.9287             35.0193             72.9682             31.5836             65.5924             67.9652             43.4755             51.6776             38.3902             69.3335             49.93             98.7582             54.7515             31.6592             73.8141             55.7436             91.6621             42.1599             42.624             44.399             42.0758             41.9461             33.7398             37.586             56.7738             41.3928             54.4057             37.9403             40.7715             89.2573             
64.7813             55.0918             44.0402             54.4645             57.0927             53.0772             50.3231             59.9584             48.7908             0              59.0821             81.4436             44.8648             49.7966             62.9992             64.8296             56.0756             61.088             53.1047             48.3424             53.8601             62.9528             67.3261             66.8054             86.9868             61.5198             49.7522             78.8517             51.411             65.8569             45.9536             43.2713             55.6907             71.2874             41.2128             41.2455             50.2471             54.4658             39.2702             53.1677             40.8558             73.9111             57.7553             48.8177             48.3217             75.8481             56.6667             50.732             48.0153             47.7092             48.8229             48.3795             79.3263             74.8731             77.3428             77.7617             63.5856             81.4511             52.3438             51.6146             64.1635             53.3832             47.9892             53.832             57.6276             65.3066             54.0726             85.7467             78.0349             59.2752             59.4926             48.491             78.7814             53.6438             64.8462             78.5205             51.003             62.6463             63.6262             79.3951             59.3984             94.0725             58.7808             52.5361             91.6797             59.1733             89.5185             53.7471             51.8661             61.9881             61.5083             59.1341             53.5757             46.4291             54.4787             59.1029             58.7573             57.4765             58.6031             88.6158             
57.703             44.0214             51.9213             57.3499             54.7425             52.6794             41.2507             53.6479             52.5776             59.0821             0              77.1268             53.2157             59.967             57.2307             59.5429             59.5167             58.0597             57.7851             40.8984             44.8375             68.4394             62.0705             69.2495             82.6154             66.1037             41.6211             91.2951             46.5993             64.4073             50.194             37.1541             46.0313             69.3512             39.2515             38.3513             48.7279             51.3363             39.559             46.4328             45.0383             121.567            58.0972             41.4721             43.8604             71.4336             80.0181             49.362             61.1542             47.0743             50.8981             64.6124             78.2585             73.061             67.6715             71.4715             64.0607             74.694             44.7756             47.9908             57.0978             57.97             51.3452             56.8281             54.5606             60.1994             48.0881             82.2335             74.8938             58.5184             48.5229             54.1113             68.0366             39.2242             55.872             64.3711             41.54             59.2236             66.5611             77.3403             52.7151             137.51            53.2942             53.7282             112.352            60.3886             85.333             44.6744             44.3226             53.3927             60.6101             65.0886             47.2194             35.566             52.6429             45.5386             47.4854             44.8345             41.4204             83.284             
69.3324             33.258             84.4819             83.7099             67.2938             29.7985             54.2113             31.461             87.9281             81.4436             77.1268             0              87.9546             104.772            45.2282             41.6222             39.9816             36.5015             92.0515             74.8348             39.1301             56.3632             38.2846             77.2693             32.3233             30.9417             51.2794             147.432            32.3226             24.4348             45.3184             42.872             31.6154             31.913             69.5462             35.9099             40.2672             54.7304             54.4837             40.6652             48.617             183.728            34.788             36.8662             76.842             35.1174             94.7502             54.3071             61.5876             51.14             78.0943             72.5233             40.2554             42.7612             34.2751             38.4336             41.6843             32.2529             42.9734             60.6263             28.4433             74.5467             67.839             46.6918             50.4717             103.158            59.0345             35.7824             58.1624             53.8787             32.003             46.1705             24.6127             42.4595             29.6906             30.6195             40.8127             44.763             62.2042             90.8154             57.6407             218.171            38.0419             93.5823             184.725            27.4919             37.7471             45.9034             60.1622             78.7269             108.827            85.7013             58.0448             36.7955             38.5289             60.3195             24.9902             39.6204             51.439             38.2064             
55.9967             43.6347             46.3888             44.4526             30.8378             43.5561             41.4125             53.0102             35.469             44.8648             53.2157             87.9546             0              39.8741             48.6694             71.1659             69.644             66.9094             46.4888             34.814             46.8199             45.2938             57.1148             50.7074             99.2066             73.8513             39.5595             48.6612             45.9343             76.8252             43.9668             46.2594             55.4608             79.3267             39.1472             37.7729             57.6816             38.8754             25.477             57.2092             34.6697             83.3253             60.9494             37.0174             31.1275             78.7521             67.1714             39.5222             37.6511             32.6753             47.182             46.3397             82.4888             83.1019             79.8074             78.5306             56.1991             79.8145             49.7754             46.6656             58.2536             39.5605             30.8826             56.6192             48.531             42.2822             45.3638             89.808             77.5161             63.8215             61.9981             47.6906             71.4383             38.3105             70.6375             68.1636             53.0947             63.1232             58.0247             66.1571             48.672             97.5481             56.6222             28.4964             72.5706             58.9075             95.1231             53.1366             36.8804             37.6594             42.202             43.0316             37.7777             39.4615             65.0589             36.9198             60.4121             45.5423             42.0189             95.4491             
80.0467             55.933             39.1916             64.9796             53.0048             63.1473             54.8329             74.0661             41.2595             49.7966             59.967             104.772            39.8741             0              63.0848             78.1713             83.4984             84.5308             53.3468             40.7258             65.2203             58.8407             76.884             73.8178             114.946            89.7336             58.9048             61.8111             65.5042             91.6544             60.2161             59.516             68.1869             93.1954             58.339             61.5483             75.3855             52.9209             42.8634             74.0804             47.244             67.4218             79.6531             48.772             35.9818             90.4389             58.8974             40.771             30.912             42.2919             48.9521             41.2844             97.8961             92.3823             93.0418             90.3411             65.367             100.076            63.3129             55.8438             75.2953             49.1626             38.2182             70.397             60.5566             48.6504             59.1774             103.981            83.0756             82.8772             77.2706             52.8313             88.5013             54.4681             86.3764             89.7454             64.4946             75.5333             62.5899             73.1298             69.5121             79.5118             77.5298             50.1355             56.7756             78.8222             108.915            66.3423             51.2666             61.1893             40.2795             60.5343             47.5754             61.1049             82.9483             59.8715             77.2425             62.4919             64.5085             109.188            
45.1225             22.5998             53.1116             61.1481             48.3391             31.3308             30.8355             29.5623             49.2737             62.9992             57.2307             45.2282             48.6694             63.0848             0              34.974             36.8296             50.2629             62.6278             46.6882             37.1263             53.1261             44.2767             50.4827             55.0154             40.3504             26.327             100.309            25.5005             33.6361             27.468             36.5215             23.8975             33.6191             48.5131             29.3576             35.9885             37.3356             32.6279             31.3929             47.7784             141.081            33.4997             29.9645             39.3353             40.7353             89.9871             53.9246             45.5831             26.8035             53.4383             58.0523             38.1355             43.7559             40.5996             38.7872             40.8912             35.4094             32.7858             45.3265             28.3404             57.6465             39.2746             34.0554             37.6564             65.8817             29.5007             51.3015             48.5564             48.1155             28.161             35.1509             33.5767             29.611             39.9942             33.723             28.5659             27.8249             40.2319             56.2187             35.2983             166.965            31.622             48.1245             121.207            32.3408             48.5657             34.7537             40.5165             51.0483             64.7405             52.428             44.0117             32.7078             39.6342             39.4293             31.912             37.7668             32.0508             57.2051             
51.4496             27.113             56.6971             59.8877             67.4915             30.3838             31.395             33.1175             61.1147             64.8296             59.5429             41.6222             71.1659             78.1713             34.974             0              16.3749             22.4055             78.504             50.9893             35.1872             48.2476             29.6319             58.4864             26.0879             26.7064             34.4597             135.732            27.9682             24.8345             30.7919             20.9639             23.5983             23.4527             48.2159             25.8808             24.2705             37.2766             35.6602             22.8309             27.2427             159.358            30.5857             23.45             51.4435             27.6439             87.9969             51.4881             45.3016             42.3063             55.579             56.1098             43.158             34.2715             28.3397             34.425             35.5717             38.7524             19.2072             39.5019             25.4269             64.1503             48.7737             27.9459             35.2747             80.212             33.1508             33.4091             44.8373             40.3609             23.6447             29.6724             31.0512             34.491             23.1523             40.3923             21.3678             24.6407             38.7612             78.1673             46.6242             185.375            29.7386             66.7104             160.796            29.9132             46.679             28.1118             48.8343             69.7602             86.1973             73.6046             46.1245             29.4329             18.4919             44.2352             16.8712             30.0858             39.6028             42.6138             
41.2697             23.7015             53.808             54.7931             59.9793             20.2175             29.8098             28.0251             60.3772             56.0756             59.5167             39.9816             69.644             83.4984             36.8296             16.3749             0              12.8477             67.7077             47.8429             20.8646             38.5484             30.345             60.134             26.2834             20.6242             31.4884             136.284            19.0664             21.2804             29.7989             14.7512             18.4317             19.0477             39.5044             17.3945             18.0001             28.7262             25.8829             19.6489             17.1198             154.813            24.0079             15.5924             49.8526             32.9165             79.5901             38.4961             37.8907             34.6242             48.2949             49.2039             42.7234             31.3316             27.5925             28.2373             26.631             42.0723             16.6227             28.5519             19.5798             52.1747             43.5274             21.708             22.4009             77.4774             29.8389             34.6729             49.4722             35.7022             22.683             21.9883             27.5421             26.9148             21.7255             31.0494             16.1794             26.5748             24.7809             87.1586             42.0915             187.474            26.5495             69.1501             163.633            17.8775             35.6884             20.7862             48.2457             58.3057             85.2046             67.2956             34.4791             16.9261             11.6672             45.5994             17.8369             20.6411             37.7461             42.3555             
39.9096             26.6281             55.2586             53.3233             57.2236             21.6355             29.1755             29.198             58.7106             61.088             58.0597             36.5015             66.9094             84.5308             50.2629             22.4055             12.8477             0              67.7388             47.4126             16.7655             38.0073             41.5506             72.2471             31.9238             26.1798             35.5447             123.345            23.8032             27.807             35.6204             21.5048             21.3904             27.28             36.9239             17.4188             21.0413             29.5031             25.7845             19.9783             20.7319             146.775            28.2894             18.9963             48.315             42.1311             75.5337             34.3339             39.925             35.0914             50.4583             46.9779             55.3332             47.2155             33.98             39.7992             33.4812             48.5911             21.3369             26.2502             24.6653             48.7083             43.9936             26.5866             25.5236             73.7867             35.0553             39.924             64.8237             35.6869             28.7588             26.177             28.7092             25.3924             26.7055             34.0219             15.8535             33.1774             27.908             98.0563             50.3135             174.121            39.2086             64.9525             156.337            19.6295             49.2394             19.8969             47.8725             54.2964             85.2753             73.0522             32.9374             15.7957             18.2133             44.8464             21.7383             21.2658             38.0514             51.0875             
65.091             50.8759             47.4517             66.8428             48.2709             53.3776             61.7091             64.1045             45.3496             53.1047             57.7851             92.0515             46.4888             53.3468             62.6278             78.504             67.7077             67.7388             0              38.895             49.5391             42.6549             66.5989             60.4727             93.5974             78.8003             52.0605             47.9469             53.0564             75.7871             54.7519             48.7193             60.5846             82.466             53.8018             49.7866             67.781             48.1565             39.8024             65.3497             46.3023             59.6944             62.9246             47.7378             40.2923             80.5591             51.9466             37.0379             40.837             43.3104             47.5942             51.2479             84.688             78.1744             78.4127             78.6546             58.1078             87.9788             56.779             45.5777             64.3462             41.3229             46.8398             63.7432             53.1178             45.6093             56.4808             89.5675             79.0927             73.2574             68.5693             58.991             81.3111             46.7335             79.3129             78.3481             54.7461             69.432             60.9204             78.9404             60.4296             77.2154             68.3668             48.5901             61.3234             64.4201             98.3931             53.663             49.253             45.241             41.62             49.0715             40.6487             47.6112             70.4758             51.4487             68.1438             48.908             52.4727             91.771             
47.8813             33.1948             39.2769             41.5712             43.4577             41.955             37.1176             50.9152             28.0616             48.3424             40.8984             74.8348             34.814             40.7258             46.6882             50.9893             47.8429             47.4126             38.895             0              34.4201             29.5166             47.959             56.7343             72.6585             58.4254             33.7459             61.5766             36.7254             55.8339             36.2252             29.9006             39.0595             57.1601             32.7316             28.6349             47.7047             29.0763             22.0456             42.1439             24.1906             80.406             47.6579             26.5116             24.831             56.8423             54.5028             29.8035             32.748             27.4864             35.1454             34.821             70.171             53.9042             53.6846             62.2806             43.9229             68.3106             33.5448             31.7163             45.9261             30.9093             37.3328             42.907             32.3526             34.1291             37.9292             65.9563             64.5278             58.9625             49.982             35.3136             63.44             28.9508             55.6126             60.0799             34.2948             41.4777             37.8796             67.434             47.8897             92.1822             54.0756             31.0683             73.9344             50.0865             76.924             37.0056             37.2311             34.5516             36.0848             43.8622             25.2189             29.147             46.9577             35.6554             46.1847             28.7431             39.7493             73.1585             
